,,
1,1,11.4645507597637
1,2,19.9291015195274
1,3,28.3936522792911
1,4,36.8582030390548
1,5,45.3227537988185
1,6,53.7873045585822
1,7,62.2518553183459
1,8,70.7164060781097
1,9,79.1809568378734
1,10,87.6455075976371
2,1,12.2347226689455
2,2,21.469445337891
2,3,30.7041680068365
2,4,39.938890675782
2,5,49.1736133447276
2,6,58.4083360136731
2,7,67.6430586826186
2,8,76.8777813515641
2,9,86.1125040205096
2,10,95.3472266894551
3,1,2.45474957561342
3,2,1.90949915122683
3,3,1.36424872684025
3,4,0.818998302453664
3,5,0.273747878067081
3,6,-0.271502546319503
3,7,-0.816752970706087
3,8,-1.36200339509267
3,9,-1.90725381947925
3,10,-2.45250424386584
4,1,6.10887975779205
4,2,9.21775951558411
4,3,12.3266392733762
4,4,15.4355190311682
4,5,18.5443987889603
4,6,21.6532785467523
4,7,24.7621583045444
4,8,27.8710380623364
4,9,30.9799178201285
4,10,34.0887975779205
5,1,2.17370234566402
5,2,1.34740469132804
5,3,0.521107036992056
5,4,-0.305190617343925
5,5,-1.13148827167991
5,6,-1.95778592601589
5,7,-2.78408358035187
5,8,-3.61038123468785
5,9,-4.43667888902383
5,10,-5.26297654335981
